8192 15 6
60
1 327 12 1 9 6 3 69 193 3 89 258 2 4 1 8 13 4 278 3 92 271 3 14 163 2 4 3 23 208 3 87 194 4 312
2 476 12 4 243 4 247 4 250 1 3 12 2 7 2 6 3 52 384 1 2 12 3 89 254 2 2 3 70 278 3 88 423
3 315 8 1 5 14 3 90 270 3 31 201 2 2 2 3 3 63 292 2 8 3 80 213
4 352 6 1 7 5 2 5 2 8 1 5 15 4 181 4 264
5 311 15 1 3 10 4 203 2 6 4 292 4 240 3 60 219 3 89 166 4 295 2 4 4 192 4 165 4 307 2 2 1 1 11 3 56 303
6 260 12 1 10 9 4 187 1 6 7 4 256 1 6 11 1 9 13 2 8 3 99 242 4 170 3 74 193 2 1 1 3 12
7 439 13 2 4 2 10 3 48 401 3 68 359 1 1 6 4 422 3 40 387 3 51 261 3 98 340 2 5 4 290 1 5 11 1 1 12
8 424 18 2 3 4 382 1 1 6 3 8 338 4 345 3 18 305 4 213 4 373 2 2 2 1 3 60 217 4 286 4 368 3 25 255 3 67 398 2 10 2 6 4 346
9 400 5 1 1 10 1 1 7 2 5 1 9 12 4 236
10 453 20 2 5 4 383 3 15 426 1 7 14 1 8 12 4 448 3 23 355 3 22 289 1 4 11 3 85 257 1 2 13 2 3 2 9 4 305 2 3 4 433 4 254 1 8 5 2 10 1 9 6
11 237 7 2 2 4 216 2 7 3 50 223 2 8 4 226 3 50 163
12 249 20 1 3 7 3 61 234 4 211 3 22 208 3 29 176 2 8 2 6 4 229 1 5 14 1 9 12 3 93 244 4 218 4 147 1 3 12 1 2 5 1 10 10 2 6 1 8 5 4 220 2 3
13 220 15 2 7 3 93 178 3 34 173 1 4 15 3 71 133 1 1 8 3 16 211 1 6 5 4 217 4 193 3 76 185 1 9 15 2 6 2 8 4 117
14 333 15 3 25 301 1 10 15 3 74 264 2 9 4 303 3 97 170 4 327 4 302 3 77 186 2 5 1 3 11 2 5 3 78 217 2 8 3 25 260
15 260 15 1 4 9 3 12 214 4 194 1 7 7 2 2 2 2 2 1 1 9 9 3 97 166 2 3 4 242 4 177 3 44 169 1 3 9 4 132
16 442 20 4 254 2 9 1 8 12 3 34 375 4 224 3 93 253 2 5 4 271 1 8 9 1 8 9 4 386 3 42 308 1 6 7 3 2 319 4 441 4 226 1 10 6 1 7 9 4 269 4 370
17 383 16 4 200 1 8 11 2 2 1 3 5 4 347 4 197 3 31 204 4 337 3 14 322 2 1 1 6 10 1 4 10 2 9 3 19 206 2 7 3 47 256
18 205 18 2 6 1 8 10 3 25 147 4 195 4 201 1 2 12 3 77 137 2 10 4 125 3 1 111 1 7 9 2 7 4 147 4 114 2 9 3 10 168 1 4 11 1 10 7
19 278 17 2 1 1 9 9 1 4 9 3 25 211 1 3 12 1 10 10 2 2 2 7 1 8 6 2 4 2 4 3 10 174 1 6 7 1 4 10 2 10 4 235 4 254
20 206 8 1 1 10 1 10 15 4 133 3 32 183 3 4 136 4 112 3 88 182 3 58 108
21 303 17 1 4 10 2 7 1 8 9 2 8 4 166 1 9 15 1 9 10 3 77 274 2 10 1 1 11 1 10 13 4 272 3 68 231 1 9 10 1 1 10 2 2 3 25 298
22 273 18 3 24 144 4 224 4 159 1 1 11 4 174 1 5 6 3 65 238 1 6 9 4 162 4 252 1 9 11 4 260 1 2 12 3 52 202 4 164 3 29 246 3 26 175 3 40 190
23 360 20 4 341 2 6 3 37 185 4 288 3 99 321 1 3 5 2 5 1 8 13 2 6 3 29 307 2 6 3 12 262 3 55 243 2 9 2 7 2 3 1 4 11 4 247 3 70 230 4 280
24 322 18 2 2 1 4 13 3 52 277 4 307 2 4 4 293 1 2 6 4 174 2 10 4 318 2 9 2 10 1 7 10 1 10 6 4 245 4 294 2 10 3 2 224
25 475 6 4 343 1 3 11 1 10 7 4 337 1 4 9 1 4 7
26 497 12 1 3 7 4 464 3 53 374 1 5 13 4 261 4 367 4 298 1 7 11 2 6 3 58 389 3 84 339 3 46 369
27 225 5 2 6 2 7 1 9 11 4 158 3 61 186
28 486 14 2 6 3 11 243 2 6 3 63 261 1 1 6 3 24 269 1 1 5 4 462 2 6 4 360 2 5 3 63 306 1 6 5 3 79 390
29 354 15 4 344 3 30 195 4 248 3 82 262 2 10 3 51 285 3 3 292 2 2 2 5 1 10 8 2 10 3 14 268 4 216 1 1 10 3 56 345
30 234 11 2 6 1 6 8 4 198 2 2 3 80 123 3 98 191 3 57 127 4 142 4 222 3 47 210 3 19 118
31 428 15 1 2 6 2 3 3 96 354 3 67 418 4 278 2 10 3 23 306 2 5 2 4 1 7 8 2 7 1 7 5 1 6 5 1 5 15 2 8
32 383 20 2 7 4 265 4 349 1 5 5 1 4 13 1 9 5 1 1 13 2 4 1 8 6 1 7 14 3 69 303 4 341 3 1 267 2 4 4 271 4 365 3 81 303 1 6 9 1 7 15 2 3
33 245 12 2 5 2 4 1 3 6 4 145 3 30 128 1 6 15 4 178 2 5 4 190 1 5 9 2 7 4 230
34 267 10 2 2 3 48 193 1 10 14 3 83 158 2 8 3 85 198 4 201 4 179 3 3 136 1 8 10
35 205 18 1 9 7 4 186 4 184 3 74 160 3 21 113 3 5 105 3 94 176 1 2 5 1 8 12 2 3 4 127 2 2 2 2 1 2 10 2 1 1 8 7 1 3 8 2 7
36 268 13 1 9 10 2 7 1 6 9 4 196 1 1 11 1 5 12 4 229 4 156 3 27 263 1 10 13 4 217 1 10 6 2 5
37 330 9 2 9 2 9 2 6 4 178 1 10 9 2 10 3 100 307 2 3 2 8
38 482 13 2 6 4 370 3 99 402 1 9 13 1 1 5 1 5 15 2 8 2 3 1 4 5 1 5 9 1 2 7 1 7 8 1 6 7
39 397 13 1 7 15 3 4 339 4 262 4 302 3 2 249 2 1 1 1 9 1 2 8 1 2 6 1 1 14 4 349 4 361 1 9 8
40 443 18 1 8 8 3 57 347 3 58 375 2 2 3 11 362 2 2 1 9 8 1 2 7 3 32 246 4 223 3 38 228 4 305 2 6 3 41 290 2 10 2 6 2 4 3 5 245
41 432 6 2 9 1 9 7 2 7 1 6 5 4 351 3 33 289
42 379 16 1 8 7 3 47 189 3 65 361 3 37 265 2 10 1 10 5 1 2 12 4 295 1 10 13 3 41 247 1 10 11 3 58 320 3 96 236 4 209 3 8 258 2 7
43 472 8 3 48 281 1 6 5 4 371 4 378 4 343 3 54 326 3 94 307 4 452
44 244 16 3 23 166 3 43 208 2 10 3 6 149 3 68 212 4 123 4 179 3 18 236 2 8 2 4 3 90 168 4 191 2 9 2 2 1 6 11 1 7 12
45 348 19 3 37 342 3 99 291 3 23 263 3 43 260 4 338 4 206 4 347 4 306 1 9 15 4 327 1 2 10 2 9 2 10 3 80 181 4 254 3 60 314 4 242 2 9 1 8 10
46 449 13 4 397 3 56 286 2 8 2 1 1 1 14 3 17 355 1 4 9 1 3 11 1 7 15 4 346 4 415 1 1 14 2 10
47 296 16 1 9 14 1 3 13 3 29 251 1 5 5 3 90 172 3 10 169 4 176 2 9 4 214 3 97 203 1 2 13 3 98 212 4 275 1 2 15 1 10 7 2 9
48 448 15 2 5 3 42 434 1 8 10 3 76 352 3 46 260 3 67 408 1 2 15 4 367 2 2 2 3 4 418 4 337 4 445 2 4 4 347
49 310 8 3 6 279 1 8 15 2 7 2 2 1 4 5 4 245 4 240 1 1 5
50 429 13 2 6 3 79 227 1 5 13 1 8 6 4 310 4 217 2 3 4 420 3 98 369 3 89 220 3 86 340 1 1 10 2 8
51 383 15 4 240 4 194 1 1 14 2 2 3 2 229 4 382 4 198 2 8 2 8 3 65 258 1 10 9 4 294 1 8 11 1 4 15 3 47 289
52 249 16 4 184 4 238 2 4 3 58 182 1 9 5 1 6 8 2 9 1 8 15 1 6 8 4 150 4 226 3 69 247 2 2 4 218 3 69 234 4 195
53 277 11 2 1 1 10 11 3 61 216 4 169 4 246 3 93 166 2 9 4 254 4 161 2 6 2 4
54 481 15 2 4 1 9 10 1 7 8 2 5 4 300 2 1 1 5 8 2 4 2 1 3 43 474 2 4 2 4 1 8 14 3 34 316 1 9 8
55 417 16 1 3 6 2 8 2 10 1 4 13 3 88 238 1 2 11 2 6 4 249 3 64 367 4 213 4 227 3 47 394 2 6 3 36 364 2 2 4 386
56 284 11 1 8 10 1 4 11 1 6 7 2 10 2 7 2 8 2 5 2 5 1 9 7 3 32 267 3 37 266
57 272 10 2 3 4 164 4 271 1 10 14 1 5 11 3 81 202 4 197 4 162 1 6 13 3 76 223
58 357 18 2 1 3 2 249 2 7 3 96 231 3 2 331 1 10 14 4 283 3 49 181 2 8 3 83 212 1 7 5 1 3 6 4 289 2 1 1 1 9 4 334 3 31 182 2 2
59 408 18 3 12 338 2 7 4 232 1 8 7 2 4 4 363 2 4 3 79 345 1 10 9 2 7 3 72 355 1 6 11 4 265 3 87 205 4 269 3 8 404 2 7 2 3
60 299 11 3 22 198 4 179 4 294 2 6 2 5 4 245 1 9 5 3 12 166 2 7 3 37 197 2 4