2048 5 2
10
1 257 10 2 7 3 36 175 3 26 219 3 39 200 1 4 6 4 222 3 61 133 4 189 2 5 3 42 211
2 316 14 2 3 2 3 4 314 4 170 4 188 3 82 247 4 277 1 2 9 4 258 1 10 6 3 88 236 4 313 4 303 3 38 221
3 412 19 2 3 1 3 8 4 221 1 9 8 4 226 2 6 3 14 257 4 226 1 5 13 4 277 2 10 2 6 1 7 15 3 7 371 2 10 4 235 4 314 2 5 4 306
4 251 13 1 3 9 2 7 3 69 191 2 3 3 77 185 1 4 7 3 6 179 4 154 3 42 193 1 4 10 2 10 2 8 1 6 5
5 493 17 3 46 435 2 8 4 304 4 292 2 8 1 5 14 3 66 400 1 10 12 4 425 3 6 282 1 1 13 1 1 15 1 2 15 1 2 11 1 8 15 3 72 317 3 24 256
6 267 19 3 58 182 1 2 8 1 3 11 3 97 149 3 61 233 4 264 3 95 158 4 135 4 149 1 3 13 1 3 6 2 1 1 4 10 1 4 12 4 245 2 8 2 7 2 2 3 52 237
7 406 15 4 224 4 206 1 1 6 3 89 350 4 392 4 348 1 4 15 1 6 12 4 321 1 2 7 2 8 1 4 15 2 5 4 268 2 9
8 334 5 2 10 4 301 1 4 5 2 10 3 38 310
9 254 7 1 10 13 4 248 4 189 2 9 4 197 1 9 8 2 10
10 205 7 2 6 3 39 202 3 83 134 2 8 4 112 4 139 4 113