16384 17 7
70
1 443 12 3 83 294 4 378 4 432 1 10 9 3 18 424 2 7 4 433 1 8 8 4 363 3 76 276 2 6 4 302
2 487 8 4 396 1 3 10 4 317 4 301 3 89 329 1 2 9 1 8 10 1 7 10
3 362 18 3 75 188 1 6 9 2 2 2 5 2 6 2 2 4 338 4 356 3 45 267 3 26 194 3 38 268 2 7 4 350 2 6 4 216 1 6 12 1 1 14 4 195
4 214 7 4 171 2 5 3 74 149 3 38 200 4 113 3 1 194 3 59 122
5 288 17 4 164 1 4 10 3 38 245 3 32 245 4 276 1 6 8 2 9 1 8 9 4 221 4 153 2 5 4 215 4 275 2 5 2 10 4 241 4 180
6 247 20 3 57 138 3 20 218 1 7 10 2 10 2 3 1 3 15 4 158 3 35 198 1 9 15 1 9 6 1 10 6 4 203 4 190 2 7 2 10 4 239 4 139 1 4 9 2 9 3 13 215
7 408 10 2 1 2 9 3 74 320 1 4 15 4 347 4 248 4 308 3 68 322 1 9 9 4 381
8 247 16 3 23 135 2 9 2 3 2 2 3 29 230 4 140 4 222 1 2 8 3 29 170 3 66 177 4 134 2 8 3 44 132 2 7 3 64 158 1 7 14
9 344 13 1 4 12 4 267 4 236 4 338 3 72 222 2 3 1 1 8 2 8 3 64 233 2 4 4 286 3 61 259 1 10 14
10 287 6 3 81 193 1 10 14 1 6 14 4 220 1 7 15 1 7 13
11 256 12 1 2 7 1 4 9 4 184 4 170 1 9 14 1 9 7 1 2 15 2 10 4 247 3 83 196 1 9 5 4 240
12 293 7 2 8 2 8 1 6 10 1 2 11 2 1 1 4 9 3 51 271
13 445 19 2 2 4 374 1 6 9 4 427 3 16 318 3 55 373 1 8 8 1 9 7 4 291 4 418 2 4 3 51 420 3 55 395 1 2 8 4 264 2 4 1 2 14 1 7 9 2 5
14 270 11 1 6 14 4 208 2 4 2 1 4 179 4 136 1 3 5 2 8 1 5 5 3 97 233 3 40 165
15 467 16 2 3 3 15 459 2 1 2 7 4 260 3 61 435 1 1 11 3 66 302 2 4 4 384 2 8 2 10 1 10 10 3 18 253 2 4 4 317
16 262 8 4 198 3 11 138 4 193 2 8 2 8 2 9 2 9 1 2 9
17 450 10 2 2 1 3 7 3 24 301 3 42 321 1 3 7 4 302 3 19 270 1 8 11 1 6 9 4 401
18 430 18 4 288 3 1 422 3 32 361 1 5 11 4 384 1 10 13 4 374 3 21 361 2 5 1 1 14 1 6 14 2 3 2 4 3 9 423 3 77 300 1 9 10 4 238 4 295
19 275 8 3 33 231 4 228 1 2 5 1 6 13 4 141 1 9 7 2 6 2 6
20 289 15 4 218 4 267 2 5 3 94 159 1 9 8 4 161 1 1 11 2 4 2 4 3 45 252 2 1 3 14 242 3 41 262 3 55 246 1 4 13
21 361 6 3 3 218 3 9 233 3 95 272 2 1 4 271 4 241
22 484 13 2 6 4 260 3 89 390 2 6 1 4 14 1 3 14 1 2 13 4 264 4 470 2 4 4 448 3 13 453 3 84 343
23 270 15 4 161 3 44 138 4 252 3 77 267 2 1 2 5 3 96 197 2 9 4 160 2 6 1 2 8 1 7 8 1 5 9 2 8 4 190
24 274 17 2 3 2 4 2 2 2 3 3 65 218 4 172 2 7 3 100 230 3 4 254 1 1 10 4 156 3 24 150 1 8 11 1 4 7 1 7 13 4 266 3 4 216
25 369 5 4 266 4 286 1 10 7 2 6 4 228
26 383 18 4 213 3 24 243 3 64 248 3 58 331 3 3 286 1 1 10 1 9 7 1 6 8 2 10 2 4 1 10 6 3 19 336 4 338 3 34 334 3 5 268 2 8 2 2 3 91 295
27 498 10 4 381 2 7 2 2 1 2 5 2 4 3 85 254 2 5 2 7 2 3 3 23 370
28 465 14 4 356 3 47 280 4 375 4 427 3 41 274 4 362 4 366 2 2 1 8 7 2 6 4 308 1 6 8 4 432 3 60 309
29 460 9 3 45 376 2 10 2 8 2 10 2 1 4 300 2 4 1 3 5 1 5 9
30 213 17 3 95 185 2 5 3 1 119 1 7 5 2 9 1 5 9 3 74 197 2 9 3 20 167 2 4 3 64 182 4 146 2 8 4 174 3 5 131 1 6 5 2 10
31 287 19 1 1 13 4 250 3 35 278 1 5 6 1 4 5 2 1 2 3 2 5 3 23 183 1 6 5 2 7 3 65 261 1 8 11 3 43 274 2 1 3 26 173 4 265 4 286 4 225
32 271 17 3 75 144 3 33 165 2 6 1 4 9 2 3 1 7 13 1 3 5 2 4 2 10 2 6 1 6 11 4 229 3 43 143 3 19 244 2 3 4 222 1 8 11
33 431 5 2 6 1 3 5 2 1 4 251 3 20 386
34 370 12 4 227 4 277 3 10 352 1 4 14 3 74 203 1 1 9 1 5 10 1 5 13 3 55 361 2 1 3 11 186 3 78 238
35 411 18 4 217 4 337 3 20 242 4 297 1 7 6 3 75 221 3 91 248 4 389 4 408 4 378 4 349 2 7 3 75 290 2 7 3 22 293 4 348 1 8 11 3 76 318
36 463 17 3 80 296 2 4 3 91 411 3 76 398 4 419 1 8 11 2 1 2 6 1 10 8 1 3 5 3 85 313 1 1 11 4 431 4 264 2 2 3 18 402 1 3 12
37 323 8 3 45 180 3 99 300 3 54 313 1 1 14 1 9 8 3 46 246 1 9 9 2 5
38 483 18 4 411 2 6 2 2 2 10 1 3 11 1 5 9 1 3 14 3 32 356 4 247 2 5 1 8 13 2 9 3 28 410 1 3 15 1 10 10 4 321 1 3 12 1 6 6
39 303 14 4 199 1 7 13 4 152 4 269 4 288 2 6 3 63 156 2 10 2 9 3 56 266 1 10 14 1 8 14 3 73 228 2 9
40 429 20 1 9 11 1 7 6 3 47 284 1 3 15 3 97 396 2 3 1 6 5 3 6 389 4 329 3 66 404 2 4 2 4 3 76 425 1 2 9 3 64 305 4 237 3 83 274 4 420 3 14 267 2 4
41 454 7 3 61 291 3 32 387 4 424 1 8 6 1 2 14 3 48 270 2 2
42 439 5 4 281 2 2 1 3 14 1 10 10 4 348
43 278 19 4 193 3 80 153 4 242 1 6 10 4 179 1 10 11 3 79 242 4 205 2 9 1 7 11 4 211 4 210 2 2 1 3 13 2 1 1 1 7 4 152 1 8 15 4 204
44 469 13 3 69 329 2 3 2 6 4 415 4 265 4 304 2 7 3 89 369 2 3 3 47 451 3 42 287 4 312 2 9
45 390 20 4 256 3 93 385 3 23 265 4 341 3 55 364 3 49 374 1 9 13 3 64 362 1 2 7 3 17 389 2 6 2 4 3 25 355 3 80 298 4 227 2 2 1 7 13 4 296 1 5 9 4 365
46 331 6 4 194 1 9 15 3 44 289 1 1 10 3 37 319 2 6
47 487 18 3 100 437 1 5 7 1 10 8 4 482 1 9 15 2 10 4 447 2 6 3 33 314 4 435 3 83 411 1 3 11 1 8 5 1 4 12 3 28 290 2 5 4 447 2 9
48 454 9 2 4 4 450 3 54 244 3 36 407 1 4 9 1 9 8 1 7 14 4 310 2 6
49 314 7 2 1 2 2 4 181 4 184 1 7 8 3 2 312 2 7
50 356 19 4 279 1 2 8 3 30 274 2 1 2 1 3 23 334 4 307 2 2 4 306 2 9 1 10 14 2 1 1 10 11 2 6 1 7 9 1 9 13 4 318 1 6 12 2 4
51 201 6 1 8 12 3 25 176 2 10 4 103 4 104 3 44 171
52 255 16 2 2 1 4 13 4 163 3 5 246 1 6 8 1 9 7 1 7 9 3 62 213 1 8 6 3 64 245 4 220 4 230 4 170 2 4 1 8 14 2 2
53 300 7 2 3 3 45 275 3 46 155 3 15 203 1 9 10 3 61 223 1 5 9
54 222 16 2 4 2 2 2 1 1 2 6 2 8 1 4 9 4 132 3 93 201 2 8 4 144 3 65 218 4 221 1 5 14 2 6 2 1 4 190
55 233 6 2 6 4 130 2 1 4 212 4 123 2 9
56 471 9 4 268 4 415 3 79 247 2 5 3 35 434 3 47 325 2 6 4 237 2 1
57 462 12 2 7 1 10 8 3 79 343 4 345 1 2 11 4 431 2 3 1 3 9 1 5 14 1 1 13 1 2 9 3 28 328
58 236 5 2 2 1 8 11 2 9 3 81 222 3 54 144
59 226 9 1 8 5 1 7 10 2 9 3 79 203 2 4 3 32 218 2 2 3 23 137 4 124
60 442 13 3 56 309 2 1 2 10 1 8 11 3 48 239 4 293 1 8 13 2 9 1 4 13 2 6 3 51 224 1 8 11 3 93 423
61 217 14 3 86 209 2 1 3 7 187 3 43 156 1 7 13 1 3 9 3 99 149 3 92 159 1 9 13 3 17 173 3 76 112 3 42 108 3 68 186 2 6
62 352 12 3 23 197 2 1 1 3 7 2 2 2 6 4 303 4 285 4 282 3 94 337 1 1 13 2 4 3 70 216
63 411 5 2 3 4 347 1 8 15 3 87 314 2 2
64 498 9 2 10 3 86 443 1 2 6 3 67 447 2 1 3 27 347 2 6 1 4 9 2 8
65 463 20 4 375 1 8 13 1 5 6 1 4 12 4 316 1 7 12 1 4 6 1 3 13 1 1 14 3 36 339 2 4 4 452 2 5 3 53 272 2 4 1 1 8 2 9 2 6 1 8 9 1 10 5
66 328 15 2 3 4 220 4 188 1 3 13 3 43 279 2 6 2 4 1 3 10 1 10 6 1 7 8 2 6 1 7 9 3 22 277 2 4 3 58 312
67 299 19 4 257 1 1 15 3 96 190 3 5 191 3 2 260 1 2 10 4 215 4 266 3 23 177 1 5 9 2 9 4 190 4 173 1 4 6 3 37 271 2 1 3 47 262 3 90 213 4 255
68 319 12 4 191 4 316 1 3 6 2 1 4 296 3 4 301 3 80 229 2 4 3 84 226 3 74 226 1 2 12 4 173
69 498 7 3 47 299 3 54 324 4 491 1 7 12 2 7 1 1 9 1 8 12
70 461 14 2 2 1 10 6 2 7 1 4 8 2 3 1 7 13 3 59 428 2 2 1 10 13 3 6 269 2 8 1 3 9 3 12 256 2 2