4096 10 2
20
1 241 18 4 189 4 133 1 7 9 4 227 3 53 179 1 6 6 2 2 4 180 4 237 2 1 1 1 8 1 7 14 3 87 239 4 236 1 2 11 3 83 186 4 160 1 3 14
2 436 6 3 74 426 1 1 5 2 10 3 89 335 3 97 291 4 414
3 243 13 4 127 2 3 3 89 193 4 175 2 9 4 209 4 223 2 8 4 126 2 7 3 30 147 1 10 12 2 1
4 278 13 4 255 1 7 5 3 21 152 4 277 3 90 172 3 33 203 1 4 6 2 3 3 60 209 2 7 1 6 6 2 10 4 276
5 211 13 4 144 4 133 1 4 8 2 1 4 161 1 1 7 4 109 2 4 2 8 2 3 2 9 1 8 14 1 10 13
6 445 15 4 389 2 8 4 390 4 340 4 420 2 10 2 10 4 416 1 10 11 3 67 404 2 10 2 4 4 341 4 236 4 231
7 321 15 2 7 1 5 10 2 3 4 257 3 18 208 3 74 270 2 7 4 286 2 4 1 8 14 3 83 264 1 3 12 1 4 7 1 4 12 1 3 11
8 397 14 2 7 2 3 4 258 4 217 4 310 4 378 4 216 4 326 2 7 4 329 4 353 4 365 1 4 10 2 10
9 217 10 1 3 10 2 2 2 1 1 7 7 3 16 185 1 2 10 3 76 193 4 138 3 10 166 3 18 143
10 456 8 3 4 301 3 24 435 3 100 278 4 393 4 333 2 4 2 1 4 300
11 395 15 3 28 259 4 214 3 63 225 1 3 9 3 70 229 3 6 311 1 10 5 3 80 333 2 2 4 215 4 243 2 8 4 328 2 7 4 389
12 316 8 1 7 12 3 53 226 3 19 279 2 4 4 255 1 10 13 3 70 310 2 7
13 483 11 4 360 2 6 2 3 3 67 302 1 10 7 1 3 8 2 8 2 9 3 81 367 1 6 9 3 2 263
14 371 15 1 4 7 2 8 3 56 320 3 89 321 3 75 249 3 32 308 3 57 306 2 7 4 195 4 255 1 7 6 4 221 1 4 10 4 324 2 9
15 297 17 2 8 3 27 165 2 2 3 49 228 2 6 1 10 7 3 64 234 1 7 7 2 4 3 86 193 4 284 2 9 1 10 6 4 150 2 7 4 255 3 53 153
16 425 15 2 9 2 8 4 220 4 421 1 1 8 2 1 1 2 13 3 67 398 4 324 3 2 296 4 413 2 5 1 2 14 3 11 302 2 9
17 215 14 1 8 8 3 22 136 4 132 2 7 1 3 12 1 6 12 2 3 2 8 2 7 1 2 5 1 10 9 3 56 130 3 44 148 2 9
18 472 7 2 3 3 66 284 2 3 4 279 2 9 4 374 2 4
19 218 20 2 9 3 94 199 2 6 1 3 15 3 74 172 4 122 1 5 13 3 23 167 2 5 1 4 11 2 5 4 216 3 81 174 3 30 171 2 1 4 191 4 120 3 13 110 3 75 148 4 213
20 216 11 2 6 4 166 4 139 1 10 9 4 130 2 4 3 68 183 3 96 158 1 3 7 2 4 2 8