4096 12 3
20
1 243 6 3 81 228 3 17 192 1 4 13 3 57 159 2 8 1 3 13
2 269 18 3 69 249 3 70 197 4 208 4 154 2 6 3 44 256 2 1 3 60 152 2 7 3 26 253 3 56 248 1 1 14 2 3 4 246 3 94 211 3 37 134 4 234 3 80 248
3 446 9 3 54 336 4 298 1 5 11 3 24 429 3 87 236 3 54 328 1 1 9 3 96 350 1 5 10
4 424 10 4 383 4 305 2 4 1 3 8 2 5 3 12 242 4 405 2 5 2 3 1 2 11
5 353 12 1 10 10 4 333 3 18 297 3 3 315 3 35 332 2 3 2 2 3 58 249 2 6 4 266 4 325 3 32 293
6 361 8 2 3 2 6 1 5 9 1 4 15 2 10 4 243 3 78 297 1 6 5
7 204 7 1 10 13 3 39 203 1 10 14 2 5 4 150 1 6 6 1 5 12
8 268 7 2 10 1 8 10 4 198 2 9 4 261 1 6 5 2 3
9 500 18 3 2 335 2 4 3 77 267 3 27 310 3 47 367 1 7 13 3 56 251 4 292 2 5 4 384 3 43 482 3 18 460 1 4 10 4 364 1 5 5 1 1 5 4 403 3 64 382
10 301 11 3 28 193 4 170 4 182 1 6 15 2 2 3 97 175 1 10 5 4 242 4 295 2 8 2 2
11 324 11 3 17 282 2 2 2 3 4 219 4 228 2 10 4 179 2 3 2 1 4 188 1 8 10
12 427 9 3 15 329 4 233 2 5 4 306 3 53 287 3 66 394 1 8 12 1 1 13 1 4 13
13 373 19 4 301 1 2 9 2 7 3 67 315 4 295 4 308 3 18 199 1 4 14 2 3 3 40 218 4 342 1 10 13 2 8 3 1 372 3 75 368 3 19 243 1 3 13 3 16 254 2 4
14 387 10 3 41 227 3 83 198 1 8 15 4 293 3 32 219 4 224 2 8 4 218 1 8 8 2 1
15 252 8 4 212 1 8 15 1 10 5 4 248 2 4 1 8 7 1 2 11 3 42 247
16 458 9 2 2 3 84 358 4 364 4 280 1 8 5 3 73 279 1 3 13 2 10 1 7 9
17 265 12 1 10 15 4 153 3 86 181 3 28 165 4 209 2 9 2 2 4 232 1 10 10 2 1 2 10 4 169
18 214 9 1 1 9 3 17 119 2 5 1 7 14 3 4 128 4 213 1 2 10 2 4 1 3 14
19 386 13 1 3 9 2 9 3 26 279 1 5 10 3 60 286 2 6 1 9 10 1 3 14 2 7 2 5 4 199 1 2 7 1 4 7
20 432 10 1 1 15 2 1 4 348 3 2 301 1 4 12 3 24 260 2 6 2 1 2 3 3 6 360