4096
12
3
20
1 413 9 4 275 4 253 2 9 2 9 2 1 3 67 339 3 28 265 1 5 15 4 214
2 481 11 1 6 5 3 37 370 3 25 353 1 4 8 4 393 3 2 326 1 1 5 2 8 3 50 471 1 10 10 2 2
3 325 14 2 4 4 277 4 179 4 317 2 3 4 239 3 27 323 4 256 4 249 3 8 303 2 5 4 181 2 3 2 6
4 379 8 4 265 4 218 1 4 6 2 6 4 358 2 9 3 95 282 4 236
5 344 12 1 5 15 3 46 196 2 5 1 9 14 1 3 14 2 6 4 203 4 199 3 86 336 4 224 1 8 7 3 53 268
6 490 10 4 339 1 4 9 2 5 4 487 4 304 1 7 14 2 7 1 9 15 2 10 4 346
7 426 17 4 420 4 314 1 10 8 2 8 2 9 1 7 8 3 58 402 1 2 9 2 7 3 27 423 2 4 1 2 8 3 7 304 2 2 4 418 3 35 340 2 8
8 270 6 3 15 145 4 233 3 67 256 1 1 9 1 9 8 4 190
9 353 8 3 12 287 2 8 2 3 1 4 10 4 240 2 5 2 10 3 42 318
10 231 19 4 149 3 27 176 2 8 4 126 4 206 1 5 13 2 9 1 7 8 1 2 10 2 6 4 229 4 206 1 3 13 1 2 12 4 187 1 10 11 4 228 4 222 3 39 132
11 302 20 3 36 222 3 38 176 3 21 279 2 9 1 4 8 3 21 201 2 7 1 8 6 2 5 1 8 13 3 39 190 3 88 159 3 47 224 4 169 3 52 215 3 73 195 2 3 1 10 14 3 92 225 4 254
12 210 10 3 11 143 4 155 3 97 158 1 8 7 2 3 2 2 1 8 11 4 190 3 18 147 4 191
13 398 20 1 7 14 3 34 290 4 358 4 333 2 9 1 9 13 4 200 3 65 395 4 332 1 1 13 3 94 355 1 8 5 2 2 4 315 4 380 3 36 325 4 397 2 4 2 9 2 9
14 318 5 4 270 2 8 2 5 4 222 1 9 14
15 273 10 2 10 1 3 10 1 1 6 4 227 1 5 10 1 7 11 2 10 3 49 198 2 4 4 162
16 296 15 1 7 6 3 92 157 2 2 4 242 3 45 234 3 37 293 4 224 2 9 4 233 4 231 2 7 3 40 164 1 7 13 3 8 271 3 72 155
17 224 13 3 85 125 3 40 119 4 156 4 127 1 8 6 4 159 1 6 14 3 21 159 3 9 146 1 4 7 3 46 115 2 2 3 46 163
18 442 18 2 10 3 80 319 3 3 384 1 9 6 3 38 282 3 94 263 4 225 1 1 9 2 4 3 11 374 1 3 14 1 3 8 3 83 276 2 1 1 8 9 1 5 14 1 9 8 3 82 325
19 460 14 1 7 15 3 75 404 3 84 302 4 235 1 9 8 4 420 2 9 3 24 366 1 2 6 3 49 428 3 53 281 1 8 12 1 2 11 3 67 295
20 375 14 3 35 239 4 238 1 4 10 2 6 1 3 8 3 61 324 2 8 1 1 7 4 280 4 254 1 6 5 2 2 4 214 1 8 7