2048
5
2
10
1 231 20 2 9 3 28 224 2 9 2 7 3 42 230 2 10 3 31 218 4 146 3 3 151 4 141 3 69 174 1 10 11 2 2 3 77 200 1 5 9 2 5 1 8 11 1 9 12 1 1 14 3 55 143
2 290 20 2 10 1 9 5 4 269 1 6 7 2 3 1 3 7 2 10 1 9 13 3 59 265 3 62 283 1 2 13 3 5 267 1 1 8 4 190 3 42 236 4 223 4 158 4 164 2 8 2 8
3 274 16 3 25 156 1 4 7 4 272 3 15 169 3 99 188 4 215 3 78 239 4 241 4 145 1 9 13 4 235 3 8 224 4 227 4 208 3 58 174 2 3
4 297 16 1 2 14 3 62 287 3 3 227 1 6 12 4 155 1 3 8 4 156 4 212 2 5 2 3 2 2 1 2 12 2 2 4 173 1 6 10 2 5
5 246 13 4 144 3 84 234 4 132 1 5 7 3 14 126 4 158 4 187 1 10 9 1 2 10 2 2 1 7 14 3 17 123 4 176
6 246 10 1 6 8 4 156 4 181 4 156 1 7 10 3 96 245 3 34 205 4 130 4 168 3 75 229
7 326 11 2 2 2 3 4 223 3 6 291 3 54 198 3 32 218 3 38 256 1 10 12 1 1 13 4 264 4 217
8 492 13 3 69 277 4 342 2 1 1 7 10 1 4 7 3 65 438 2 3 1 10 15 3 81 307 4 460 2 4 4 423 4 283
9 267 9 4 201 2 3 4 159 4 196 1 10 13 4 211 1 1 10 4 163 4 164
10 213 17 4 190 4 153 2 2 2 5 3 1 207 2 8 1 3 13 4 155 4 150 1 3 5 4 137 3 92 135 3 12 140 1 1 7 1 3 7 2 3 4 152